9.374358965185564265e-06 9.346368407886867483e-06 9.314002207250369553e-06 1.196800290592027702e-05 1.190565833952952515e-05 1.185492183185697615e-05 1.325745958214038368e-05 1.320629585869915634e-05 1.317056096607169267e-05 1.497134533974093906e-05 1.496268985272104605e-05 1.497303819903836108e-05
9.385701641702919721e-06 9.358818853817223917e-06 9.326558259999873354e-06 1.197937738485744228e-05 1.191761234363422145e-05 1.186353572248203945e-05 1.326604486804652523e-05 1.321438604465605989e-05 1.317440289802774006e-05 1.497103760181645911e-05 1.496233674720104018e-05 1.496757955149016156e-05
9.383440336175521759e-06 9.362741911457395506e-06 9.332062788505112946e-06 1.198604972764964098e-05 1.192765770286386036e-05 1.187408296822795563e-05 1.327191917815589879e-05 1.322359627674948477e-05 1.318357860730553863e-05 1.497389178703649343e-05 1.496814490396437648e-05 1.497281969643502628e-05
9.375728018380432636e-06 9.362725043574338790e-06 9.340539051442372346e-06 1.198927234908218686e-05 1.193640298855829383e-05 1.188976761126437804e-05 1.327757467690832317e-05 1.323366610157858342e-05 1.319964774121683458e-05 1.497858659225625934e-05 1.497541730410511837e-05 1.498789189667023974e-05
9.532619158675877493e-06 9.486752864019128191e-06 9.437234413658417598e-06 1.207116673251269778e-05 1.200250139954217177e-05 1.194236385095342891e-05 1.333464650313490441e-05 1.328145878523211552e-05 1.324012631862514128e-05 1.501540573739556969e-05 1.501146884840192629e-05 1.501943210146492285e-05
9.545945502175213470e-06 9.501024015286312110e-06 9.450959360969681393e-06 1.208243219907461360e-05 1.201425356375259778e-05 1.195199802358071584e-05 1.334158578362712379e-05 1.328931678428021531e-05 1.324487470936743831e-05 1.501433931553399749e-05 1.501021829488252655e-05 1.501519148603351420e-05
9.546848914371012287e-06 9.506835841178986607e-06 9.459520189757109483e-06 1.208975459569464791e-05 1.202525329845813860e-05 1.196288113202707796e-05 1.334854795255630632e-05 1.329886654496416705e-05 1.325334576647166438e-05 1.501702136067216294e-05 1.501498501068413312e-05 1.501879416566468370e-05
9.544098007837121704e-06 9.510291694027229534e-06 9.469245648476276781e-06 1.209464258099788875e-05 1.203438846182314566e-05 1.197797176467763143e-05 1.335386037370801906e-05 1.330788871609936568e-05 1.326939981382396614e-05 1.502123714479519402e-05 1.502076773977169297e-05 1.503284692330798494e-05
9.690028858950311511e-06 9.623346631347717299e-06 9.556954247976414568e-06 1.216670452248518810e-05 1.209169630889909958e-05 1.202264440450444075e-05 1.340239240956922784e-05 1.334909961589857045e-05 1.330182951160736441e-05 1.505166349502928241e-05 1.505127666882703435e-05 1.505744917018700994e-05
9.704053298481182235e-06 9.639297738152124818e-06 9.571317387051723032e-06 1.217846262565130460e-05 1.210406953192020091e-05 1.203278269197413385e-05 1.340960523486895801e-05 1.335660947492950982e-05 1.330672829067769151e-05 1.504928672792135319e-05 1.505009408635764532e-05 1.505422478135651088e-05
9.709316437502467313e-06 9.647560603750849064e-06 9.580921101589190430e-06 1.218558138914527631e-05 1.211445553108576246e-05 1.204338624191904105e-05 1.341534647004716568e-05 1.336470138780408433e-05 1.331548357132395330e-05 1.505206980748040968e-05 1.505315152744441379e-05 1.505781057675657099e-05
9.710178187660473492e-06 9.654040266493482640e-06 9.592774807450321324e-06 1.219142733107598394e-05 1.212404842066501253e-05 1.205827481323197208e-05 1.342111469267682470e-05 1.337328369465035599e-05 1.332926228140861323e-05 1.505540713244286009e-05 1.505839557709559958e-05 1.506908664761372515e-05
